# True	Predicted

-0.799035089	-0.990231115991292
-1.107401125	-1.2150457192424
-1.341697236	-1.56649255738501
-1.567149202	-1.52272378251416
-1.54201621	-1.40550598382724
-2.683678426	-2.45453270392326
-3.454993503	-3.24276577292392
-2.33803376	-2.52545081797556
-1.140132728	-1.2499330836731
-0.788887669	-0.975842273820556
-1.668094051	-1.52066707516879
-3.248261162	-2.9294300123284
-3.453466278	-3.24276577292392
-0.447695524	-0.305523998214076
-3.051869046	-3.0208257089076
-0.723426347	-0.892147187665678
-2.981507712	-2.84387501013099
-1.1007961	-0.995614932266843
-2.599634757	-2.38846197530463
-1.635871143	-1.50615249922855
-0.82566381	-0.903362736476326
-1.679626365	-1.64238491460192
-2.004267924	-2.07004078051414
-0.942045473	-0.795109456480341
-1.352297005	-1.30496262480272
-1.452312393	-1.67056998457906
-2.604630582	-2.43899087357883
-0.678806432	-0.772524463345032
-1.36594957	-1.20442700834171
-3.097213373	-3.34241325608014
-1.220674422	-1.21858335375569
-2.93741441	-2.72951137099308
-1.371736092	-1.27986831003335
-2.125722888	-2.38729942436844
-1.427634113	-1.30694511356429
-2.40158253	-2.54960043135449
-0.754297939	-1.06136312614267
-0.397359968	-0.494559138599789
-0.840284215	-0.82102462007565
-2.766188298	-2.73335256176847
-0.673796116	-0.617008406751499
-1.427572321	-1.25406574453158
-1.049063213	-1.12409292191376
-0.67148597	-0.679344640801308
-3.040434383	-2.85370368711202
-1.707671671	-1.60464612567909
-1.335657412	-1.34189617350523
-1.439033305	-1.19592698586287
-1.320202481	-1.44038854360258
-0.724028465	-0.7653520285654
-1.301751834	-1.4799235795209
-0.894309235	-1.02043031025911
-2.278095811	-2.59069769732426
-2.629575455	-2.90423149905816
-0.335567777	-0.338623872768022
-0.726639594	-0.736210714214185
-1.034609676	-0.885674145414559
-1.106964197	-1.04098049628828
-2.647525945	-2.22250055833177
-2.462456568	-2.62573541218008
-0.815175092	-0.838999572164349
-1.084145669	-0.977930909542363
-2.019735356	-1.90033874479371
-0.907287953	-1.08926902994337
-1.385044041	-1.40354184857967
-1.207043978	-1.63187442077135
-1.033142357	-1.02715352598066
-1.306555078	-1.24358909038346
-2.052780705	-2.02224637142543
-0.829648069	-0.718412582856565
-1.304419025	-1.4141251948301
-1.164061018	-1.278729049411
-1.607106597	-1.74422676674142
-2.035261775	-1.89390644956925
-1.665460576	-1.58414197413057
-0.231486304	0.0494347136751308
-1.882052394	-1.79404348410634
-0.783459057	-0.74086266376984
-1.146110355	-1.25476081238988
-1.114919779	-1.05214903622807
-0.401864109	-0.270660369875703
-2.540654485	-3.02304609677799
-1.620051232	-1.5476730079697
-0.727266765	-0.787345292389554
-2.741242619	-2.69205242694978
-0.613957855	-0.740106096649217
-0.830197491	-0.869419962060423
-2.570272909	-2.64641656447913
-0.789769255	-0.663104662800456
-0.854466426	-0.73298358675788
-2.037189042	-1.86505565033515
-2.236588038	-2.31568171882524
-3.302983364	-2.96431209359132
-0.704211032	-0.790817329286408
-1.129396777	-1.06595294787994
-1.115707754	-0.962619469730087
-1.68898012	-1.60695068133324
-2.623155759	-2.54954038845172
-2.514955015	-2.40874683562007
-2.9490752	-2.9703461962789
-1.038899124	-0.986805597186176
-1.398157762	-1.21361100858735
-1.196233871	-1.28170666764577
-2.038200512	-1.96152784391141
-1.051505704	-0.976116995821006
-1.341863059	-1.45959231470861
-1.748512928	-1.64681241396359
-1.308823535	-1.21092690952933
-1.357893209	-1.26972626044882
-1.54588464	-1.4377416829801
-0.461319236	-0.464039320467931
-0.683693895	-0.619650203379776
-1.5740216	-1.53756322783312
-1.289691777	-1.35780261538153
-1.570705957	-1.49010692188936
-1.87117818	-1.85855324617307
-2.773976749	-2.86307861676756
-1.345189939	-1.3303627209086
-1.307427849	-1.40806259785756
-1.792718908	-1.70160945937037
-2.105582503	-2.01146441106955
-1.638730082	-1.60167190008389
-1.756805036	-1.65328643329906
-0.990315324	-0.892789249184739
-2.33217791	-2.35238000489286
-1.705829112	-1.6957688466685
-0.930005033	-0.830700505740976
-0.89950806	-1.22082190631523
-1.482010203	-1.39706427556122
-2.051962252	-1.90506552237624
-2.404712483	-2.45376101574867
-1.107399729	-1.04170952817528
-1.033244485	-0.920891176574981
-1.020789524	-1.10887418192641
-1.312853695	-1.38772558953177
-1.461586696	-1.5034559968059
-3.466011107	-3.302469360746
-1.348900124	-1.29861211139339
-1.364980726	-1.36682791521034
-0.503582499	-0.458529354217675
-0.8482669	-0.910731801865557
-1.875384102	-1.64778957129191
-2.252264286	-2.23180219103545
-3.22624633	-3.50496779745753
-1.653694225	-1.66727905230419
-2.790379488	-2.9367758924896
-1.916645866	-2.34220384270133
-1.811527692	-1.89535584863247
-0.939522503	-0.857222467729202
-3.480733172	-3.46362104055292
-1.228537024	-1.44827828619505
-1.133352873	-1.11344229317137
-1.074348902	-1.01426351687961
-2.727147186	-2.30048899707979
-3.118988024	-2.85651709893009
-2.747433191	-2.74226740072797
-2.987794757	-2.84738044817448
-1.840659321	-1.69062696060994
-1.790466731	-1.65887635109474
-1.568738461	-1.45364655887103
-1.056937977	-1.0838655855664
-2.59006905	-2.7423975965282
-0.862316541	-0.921988323927186
-1.62347873	-1.57247539170953
-0.756832321	-0.770254152876889
-1.386723506	-1.33122194581618
-3.101546605	-2.85411839112367
-1.476897494	-1.39322016259248
-2.976120965	-2.92325607195282
-0.769112562	-0.953916921513947
-2.811789222	-2.39938247259492
-0.740053858	-0.850707734978789
-1.289894311	-1.28501578454497
-0.530482222	-0.478973645935411
-1.232353159	-1.12825324485294
-2.722180133	-2.55204424485541
-2.311657865	-2.2877810891165
-1.145978236	-1.17121757685656
-2.773531822	-2.87264297138153
-1.368368852	-1.29175045368738
-1.484499687	-1.41168851247574
-3.067918473	-2.88545429662723
-2.560051692	-2.6341391925783
-1.63604977	-1.61770130118084
-1.612588606	-1.42352261180391
-0.74679353	-0.663104662800456
-0.373379525	-0.584046213598146
-1.622122161	-1.4683316086787
-1.383935369	-1.30567783382723
-1.455157695	-1.29856273005705
-1.155993586	-1.19742607356997
-2.441814247	-2.57160617753895
-1.788152835	-1.80053195074384
-1.202435484	-1.36007897364641
-1.064998917	-1.20118077052721
-1.289368354	-1.33884820746497
-1.637939918	-1.73104187659082
-2.670645091	-2.78743825954668
-1.094087919	-1.36398995069529
-1.305451289	-1.34286321300175
-1.842424338	-2.37593903349362
-1.17679087	-1.3527048826591
-1.475040707	-1.32910154388602
-0.967476007	-1.03614256127939
-0.948677627	-0.991187237282157
-1.510544225	-1.58884523462442
-2.612523243	-2.87011553133679
-1.364808046	-1.27818457827053
-2.94191913	-2.6931910772188
-2.482421583	-2.68776809524506
-2.385805213	-2.37419384353365
-1.361108516	-1.43775523647429
-0.602955981	-0.366118250786292
-0.606444942	-0.633406710371097
-1.556808297	-1.73870775837957
-0.966152508	-0.819006192158878
-1.336977131	-1.19514429843872
-2.961130395	-2.71132621851109
-1.026940968	-0.993508593509856
-0.81270803	-0.87692790511042
-1.341331917	-1.32899833957899
-1.044465163	-1.1539085605974
-1.073660028	-1.01699314991488
-1.407218021	-1.45897244916154
-1.154476744	-1.36509336211252
-1.530424868	-1.48818699655063
-0.843814378	-0.942141710745738
-0.53979403	-0.547659520060536
-1.367874807	-1.32608974135728
-0.955518992	-0.9925979220308
-2.497074216	-2.84684231788237
-0.80169067	-0.758757399701737
-2.617643216	-2.59081437222117
-1.13093072	-1.03120385446722
-3.149129505	-3.18514206405102
-1.316418858	-1.31275976942478
-1.605387785	-1.39521186963814
-1.157108621	-1.31971538183036
-2.081103427	-2.03838489576551
-0.809599777	-0.767384625758066
-1.178045926	-1.21824455475613
-1.558465007	-1.71247615722622
-2.540944139	-2.42787631656234
-2.251621767	-2.91071260865004
-2.549119767	-2.40999879006042
-1.06125924	-0.997270025129063
-0.950901873	-0.97581422357513
-1.267230891	-1.3311972776322
-0.952489875	-0.842728632943897
-1.173462689	-1.06287275249159
-1.796722716	-1.84344387826064
-0.735251124	-0.932321840080693
-1.092418276	-1.03231360034965
-2.193412408	-2.11155237018912
-1.068455954	-1.10880614273762
-1.44655166	-1.35243372005899
-2.390754915	-2.44891931336296
-2.511936165	-2.45654554614555
-1.366184043	-1.3990582965262
-2.274304011	-2.23180219103545
-0.261229257	-0.172369212593802
-0.788878897	-0.684918213170696
-1.118387112	-1.19742607356997
-2.39260485	-2.41457519434037
-2.514466944	-2.71276211874113
-2.118033505	-2.83704814005389
-1.442136097	-1.37993790296053
-0.716518877	-0.701153926301178
-1.162126311	-1.03853603207917
-2.519561835	-2.50433338462275
-1.603474739	-1.64521705494353
-1.067386771	-1.00225621199146
-1.406970526	-1.44903114592188
-1.582284328	-1.63881937506386
-0.790532224	-1.17189571180278
-1.295137065	-1.02643494810573
-1.159876064	-1.05055378184468
-2.067823897	-2.05157478321768
-1.443782806	-1.30115586885766
-1.563748638	-1.52488128117107
-0.827540015	-0.940043084613786
-1.383687795	-1.52746710192275
-0.820123242	-1.04166828140471
-1.400738882	-1.63214840107569
-1.175017426	-1.23831150432608
-1.021724783	-1.09455427005322
-1.382981963	-1.2711758570916
-0.91403567	-0.94960121049392
-0.687924118	-0.649625124016699
-1.30773028	-1.3719578935037
-0.913347909	-0.99104066318081
-1.15450774	-1.13182155534795
-1.744039624	-1.70553421811878
-0.721300691	-0.719314650534544
-1.50990251	-1.41015860977155
-1.564024668	-1.63815599689223
-0.443872046	-0.62949022805754
-1.838385164	-1.68287954415736
-1.195286008	-1.33469506485156
-1.184915734	-1.00968151905757
-1.583831708	-1.51993760606584
-0.672965776	-0.585257797236291
-1.233776347	-1.25530712741359
-0.966244743	-0.866096316484955
-1.357319464	-1.56757747407088
-0.920226167	-1.07900267603337
-0.914524324	-0.936544187160715
-1.132079102	-1.03027945898886
-2.598888126	-2.66973124837482
-1.070971835	-0.952500615312836
-0.752527907	-0.76378110750293
-1.729298063	-1.60512645244254
-0.7580319	-0.789274010560442
-0.890949769	-0.940617325222301
-0.528590462	-0.633459484424319
-1.176766263	-1.28478320927156
-2.520820876	-2.2984376338686
-0.47310002	-0.60008066861551
-0.885567774	-0.911264938269945
-1.006081437	-1.19429383601322
-1.146745209	-1.41652767667984
-1.37753367	-1.33482205299574
-1.630305507	-1.60234947232103
-1.56740771	-1.51289275125353
-1.032931496	-0.986386964600766
-0.218356526	-0.290507925125749
-1.087910873	-1.02218649543009
-3.020064477	-2.73766317926421
-1.589130478	-1.51730825840353
-2.3087205	-2.56656454844243
-2.432474964	-2.56538177035729
-1.160949272	-1.35043495058582
-1.036861971	-1.12466304238325
-2.798018935	-3.06289323594889
-1.826719836	-1.64353683628387
-2.398830949	-2.4572269466943
-1.536568781	-1.53954063233346
-1.798873652	-1.74305252943062
-2.494503534	-2.60107073495354
-1.41584112	-1.26232711083907
-1.706575281	-1.63445486423478
-2.222932326	-2.5277666148895
-0.756730635	-0.894462623639682
-3.176320215	-3.01365143888574
-1.615149492	-1.56992129056868
-1.027720188	-0.933404385847237
-2.755004504	-2.80387702402362
-1.73981161	-1.80053195074384
-2.242883838	-2.13915566021293
-1.363617095	-1.3145582327203
-1.209862864	-1.24421428174411
-1.687795167	-1.61589258364577
-1.453654061	-1.55009691131291
-2.299869072	-2.33030773390442
-1.002527341	-1.05792747055199
-2.740967743	-2.7997008901709
-0.777144767	-1.04166828140471
-0.394127397	-0.617427018983778
-1.905597589	-1.88362491157149
-0.891489857	-0.879037434027232
-3.001222736	-2.79518320808151
-1.49381319	-1.45194196674767
-2.258508714	-2.1169634828227
-3.170282496	-3.01513497649808
-0.880418798	-0.961289424966423
-1.491895201	-1.4029050376447
-1.094711131	-1.01239412211545
-0.966077852	-0.812129130706054
-0.502436776	-0.532714342138862
-2.38001077	-2.78995801572782
-3.064553033	-3.28484865913305
-1.754915599	-1.65112893464215
-0.787820633	-0.799957685459291
-1.494459745	-1.53556138871965
-1.511812808	-1.34248323532001
-1.17929107	-1.19694943618681
-1.387527764	-1.28207033849016
-0.859119437	-1.06936601231574
-2.950779604	-2.91722196926524
-1.833980499	-1.67467866608792
-1.337097241	-1.26940525934245
-3.440626843	-3.27451638243913
-0.329686263	-0.377928744643919
-2.680118607	-2.56314029405752
-1.206222993	-1.58478429644527
-1.813978246	-1.81692191627242
-2.623054528	-2.81650541615577
-2.582840726	-2.59539461058487
-1.077638718	-1.07170052923307
-1.027993265	-0.9809953842376
-0.892969322	-0.958476986301732
-1.057965854	-1.10236855386942
-2.341848954	-2.3429546155655
-1.385782439	-1.56757747407088
-0.733748091	-0.622549078033358
-2.08333048	-2.06019873440629
-2.286005076	-2.27451063573774
-1.240390399	-1.03289467069547
-0.675406675	-0.755594682874345
-0.807474791	-0.794879072799057
-1.242374024	-1.45120343579778
-1.315905747	-1.24358975980488
-1.336738739	-1.2711758570916
-1.571519348	-1.63000750168465
-0.7836832	-0.726291659868525
-1.658494536	-1.59252805683213
-1.316807233	-1.36769488679634
-0.961494338	-0.99473022873623
-1.615711628	-1.7233682435687
-1.359615805	-1.23824034999966
-1.750985982	-1.63256054127919
-1.350495922	-1.18186039907214
-0.784720534	-0.844186442130001
-0.986406847	-1.03850697686777
-2.544080811	-2.55428857687772
-1.313437973	-1.27187124765534
-2.995571769	-2.8844385840559
-1.264066358	-1.32252477216339
-1.454734138	-1.46269749123567
-2.771178006	-2.3213940338469
-1.109819306	-1.02886810387439
-1.289179247	-1.28372366991231
-0.969484969	-0.983270032292192
-1.234494285	-1.06295446398243
-1.1744934	-0.984251224828045
-1.146408944	-1.48471001166146
-1.58140204	-2.16345742006785
-0.800237964	-0.921806480209073
-1.185676434	-1.41652767667984
-0.756849998	-0.732352959939451
-1.765986887	-1.69275689467584
-0.583769133	-0.876948798305424
-0.95738755	-0.960548104703024
-1.295801563	-1.32999212424639
-2.500376921	-2.51036748731034
-3.031167951	-2.899744426557
-3.003877319	-3.04276337621839
-1.145631576	-1.03891608410367
-1.635875076	-1.61520066349659
-3.14106624	-3.05676726439666
-1.490783146	-1.42189594935582
-1.141808706	-1.1091045656077
-2.848584184	-2.79839622233903
-0.819522342	-0.934240920761689
-1.127341509	-1.1792911027554
-0.66031508	-0.574348143367937
-1.394852488	-1.39615861693468
-0.592943471	-0.895684681563503
-0.630438257	-0.619519107341433
-2.04335884	-1.88316204606331
-0.562303877	-0.962469650627539
-2.505633045	-2.23455794605753
-0.913030519	-0.845448359230305
-1.103692037	-1.3686236775155
-0.909738036	-0.832308593462138
-1.728828067	-1.6804573464344
-0.750971311	-1.2089944566815
-1.18557861	-1.00970835729627
-1.110706514	-1.28025712754921
-1.460706727	-1.4029050376447
-0.947124098	-1.06663036859019
-1.11741958	-1.01274599375281
-2.361361778	-2.45975438673904
-1.132493792	-1.11561619508161
-3.015823099	-2.84227138829531
-1.825836055	-1.71758856847044
-0.941348923	-1.12215795108219
-2.08717643	-1.89293695962147
-1.828649929	-1.6490662024994
-2.973450351	-2.7997117855471
-0.805469303	-0.993191109889383
-0.530300547	-0.265725665059111
-3.445499206	-3.44870016098852
-1.200203251	-1.20481271653835
-2.976369429	-2.95787378888153
-1.598053113	-1.69713664241535
-1.158847362	-1.33527256707539
-2.793555535	-2.95354823923003
-1.413833249	-1.24408637820171
-1.280205363	-1.41446354066632
-1.67138147	-1.51325023512979
-0.718949684	-0.676322252506579
-0.672280339	-0.644481877174375
-0.722286097	-0.679503137172253
-0.595957264	-0.580669664426872
-0.572902373	-0.632905573999477
-0.869670175	-0.978767528782735
-1.289563734	-1.38075158086732
-1.361822462	-1.24598776645225
-2.820566109	-2.61243274299596
-1.176564131	-1.2086680764173
-1.300827719	-1.4278417051934
-1.586238413	-1.67922915460008
-0.954188844	-1.10977460090217
-1.598951252	-1.5867835079532
-1.356440052	-1.44903114592188
-0.677494182	-0.670977000923908
-2.56273072	-3.24369201388451
-1.589401037	-1.69161763405349
-2.0202995	-1.8514114365481
-2.125394161	-1.96530626932649
-1.805082894	-1.70119860294186
-0.563166176	-0.524421563244317
-1.78851556	-1.64054054846416
-1.145755788	-1.12821637902268
-0.562374967	-0.749032557654057
-1.744904412	-1.63645670334825
-2.257464818	-2.42417202523252
-1.382071948	-1.33429103659497
-1.194100318	-1.18487139395669
-1.523284757	-1.56819703167284
-1.104636392	-1.09239172181474
-1.75597677	-1.72146876828068
-1.209980232	-1.30016482101107
-2.836732686	-2.74554918114979
-2.628178214	-2.62951057830624
-0.892026786	-1.05156407957286
-2.051592447	-2.43395373323988
-2.661631729	-2.45019003212507
-2.787684096	-2.51768842139847
-0.570383129	-0.709269366439702
-0.934070479	-0.988362550667232
-2.57331562	-2.26267303607466
-0.814072387	-0.796359080084481
-0.650563395	-0.51798027557239
-1.145372883	-1.23592857748061
-1.131191997	-1.15412041312607
-0.982100225	-0.833498263642763
-0.802805555	-0.914400916124305
-1.375850491	-1.24039784865657
-0.91843883	-0.99349824629961
-1.278270954	-1.26127378252936
-2.291666889	-2.15461688632949
-1.612992674	-1.40583858907943
-0.923828874	-0.838043987131061
-1.318012571	-1.27818457827053
-1.343232185	-1.32278244673232
-1.119455488	-1.29958757258373
-1.269755651	-1.23951826695675
-2.29014487	-2.40299840831045
-1.18257714	-1.11546518576257
-1.141447953	-1.08921083714907
-1.496496343	-1.38052250265799
-0.806363332	-0.847437030330269
-3.399659715	-3.38857139782321
-1.635550144	-1.48111909057338
-0.945289153	-0.963979276976457
-2.276432891	-2.2877810891165
-1.389709106	-1.28813289485191
-2.844899483	-2.82302540701071
-0.982001078	-1.01657171024744
-1.25840768	-1.25439046766171
-0.716734737	-0.680788685524936
-0.196932854	-0.220016989356989
-1.111446881	-1.08374012017416
-0.798259621	-0.815432373036388
-1.149455125	-1.31163172495126
-1.540382811	-1.51301867034523
-1.698496228	-1.69016389548976
-1.608160948	-1.57416985904161
-3.023540202	-2.94635440138847
-0.968015152	-0.989460691622109
-2.692356819	-2.76478327760864
-1.553827561	-1.39521186963814
-0.996871662	-1.00810170608679
-1.432298484	-1.28736782710159
-3.463374782	-3.30434962012938
-1.566692673	-1.72631927892615
-2.414007022	-2.51567827193658
-1.807454792	-1.80396562511798
-2.1385843	-2.6151207016021
-1.384843654	-1.37961684403145
-1.112540727	-1.15312078444148
-0.917301922	-0.879187639845477
-1.236668457	-1.02689971390662
-0.811713258	-0.844186442130001
-0.753579194	-0.975842273820556
-0.808444339	-0.764103569454659
-2.105422914	-2.49972374087759
-1.792128076	-1.73897832599977
-1.129913849	-1.23618383018
-3.342939506	-3.37704191215773
-2.659499118	-2.46527736858627
-1.468647769	-1.30758455464421
-1.351439087	-1.24006457889036
-1.485770534	-1.4716452236474
-1.359801456	-1.44038854360258
-0.498764882	-0.324179682591922
-0.858418656	-0.869130235450012
-1.325916232	-1.39738105721966
-1.267182394	-1.35239650351877
-1.415580668	-1.39969418182867
-2.925609817	-2.9932454969402
-1.727160379	-1.55215498142816
-1.915472746	-1.73842866598223
-1.131100143	-0.977930909542363
-1.375482296	-1.45897244916154
-1.533858576	-1.44175668851688
-1.768531218	-1.89535584863247
-1.088719215	-1.2589091398664
-1.658740504	-1.48611107900802
-1.762850391	-1.67714161324506
-3.17164223	-3.18514206405102
-0.712416524	-0.732352959939451
-1.700364765	-1.68453993922633
-3.227228561	-2.95541057444522
-0.925473708	-0.903168548375372
-1.131046834	-1.00114406118026
-0.912154911	-0.942087020773152
-2.008071615	-2.29323581183893
-2.660760133	-2.56314029405752
-2.71801828	-2.95500668146803
-0.809530722	-0.759348999278926
-1.343833058	-1.25132321094685
-0.466857923	-0.563993609070056
-2.069183163	-1.97971380155434
-0.336318947	-0.296223469612142
-1.080751332	-1.17442953731239
-0.801358898	-0.943459402575424
-1.401654551	-1.43245048717332
-1.353980546	-1.29079132104322
-2.885779812	-2.60091436289555
-1.390485149	-1.3056264753004
-3.073316441	-2.88363006773653
-1.202030488	-1.28478320927156
-2.559573689	-2.53830862026292
-0.75791197	-0.752288810852111
-1.519940284	-1.35283269025034
-1.497495427	-1.49389780696915
-0.696126492	-0.709112054254631
-0.949505753	-0.923419786209239
-1.280121921	-1.23020806837089
-0.885112341	-0.915370041364475
-1.472422477	-1.54220837350636
-1.097781336	-1.08206919702827
-1.409208618	-1.71362663314287
-1.514521308	-1.50805720581811
-2.277769603	-2.32423662403787
-2.232284254	-1.87417504213824
-0.784802197	-0.935395710900981
-1.390506745	-1.24184744529936
-3.166882943	-3.21213371638738
-1.164370106	-1.36680550615644
-1.2326935	-1.10645830860547
-0.918251283	-0.885583325367428
-0.97172288	-0.998913322298053
-0.882535965	-0.967862996224835
-1.290243136	-1.17206338540282
-1.421804403	-1.44678430615474
-0.992714411	-1.21570066113368
-2.577805984	-2.36789991046974
-2.573268664	-2.53830862026292
-0.891392172	-0.981733716684159
-1.551871765	-1.38415543034281
-2.865976018	-2.51152392297365
-0.403771809	-0.520495330871281
-0.385494862	-0.350892522860441
-1.614551254	-1.4983293555654
-1.104295886	-1.03543766267585
-3.012366753	-2.78078849511223
-1.458577921	-1.44877953245457
-1.310270329	-1.16404552522859
-0.713720702	-0.722703896189114
-1.420214506	-1.61759122900607
-1.684336822	-1.63410008183624
-1.091159078	-1.08389242380509
-0.904595531	-0.729984907442876
-3.336987264	-3.13522924734327
-1.321003156	-1.59201670255186
-1.199240586	-1.20776765744155
-0.769522186	-0.885359855906511
-1.517173456	-1.43438789043625
-1.787441856	-1.65295316353285
-0.937259879	-0.985434554625167
-1.032993647	-1.02525940988155
-1.281038474	-1.41909871079565
-0.405700455	-0.388254858000569
-0.896293207	-1.0879244286546
-0.993990718	-1.06280366053801
-1.197834307	-1.2067843583121
-1.633643134	-1.52806998170209
-2.956708647	-2.81212440061579
-1.360225943	-1.64174409734252
-1.289785682	-1.29432668707735
-0.737429197	-0.640839171538213
-2.472102661	-2.49134291441567
-1.009417691	-1.088031524355
-3.332188935	-3.26034951051582
-2.980225554	-2.8979282334198
-0.535574882	-0.324179682591922
-1.388187743	-1.20799804112283
-3.121311933	-3.05767251967136
-2.949539628	-2.853998414597
-2.997489034	-2.8105207787801
-1.163227846	-1.31971538183036
-1.21927963	-0.992950004436937
-1.746072006	-1.65887635109474
-0.918641229	-1.06785371703874
-1.498634235	-1.40550598382724
-1.171819544	-0.932663579130563
-1.830868953	-1.76586550015912
-1.334495695	-1.33482205299574
-0.919504575	-0.960548104703024
-1.075690906	-1.27314907724852
-2.774509839	-2.46017028719083
-2.046675	-2.46934784431203
-3.178939369	-2.76664561282383
-1.004327025	-1.07410348760576
-2.780922063	-2.83576195648705
-1.740629577	-1.79209024247782
-1.607963991	-1.52837931433186
-1.829755882	-1.65459327557919
-2.322816855	-2.23910297830096
-2.363502567	-2.42840248740084
-1.325513492	-1.32114364725314
-1.13920317	-1.34149506808744
-3.342735073	-3.44107687346809
-3.009224658	-2.85370368711202
-1.722085392	-1.60080993176398
-0.53023296	-0.658191416193914
-1.470099714	-1.33737708481561
-1.173077846	-1.20557979865273
-1.571390304	-1.44936848105817
-3.388753888	-3.4728274829833
-1.114161292	-1.10013008570274
-0.555978816	-0.675146033600104
-1.110546477	-0.995641770505536
-1.41300553	-1.33377976121747
-2.337089734	-2.69106454021269
-1.128039753	-1.25249744825765
-1.791503987	-1.55305965052011
-1.16547405	-1.25901494941733
-1.675834594	-1.5300799650806
-1.562717223	-1.43360595630943
-1.497938285	-1.33031333957226
-1.666131923	-1.42143540607356
-0.76322999	-0.892293761767026
-0.921724281	-1.13841061543668
-2.713399984	-2.52985206746519
-0.787534776	-0.8490097198261
-1.741470711	-1.7494791359227
-2.626673942	-2.70498354850849
-0.925265987	-1.14820674615702
-1.334038397	-1.22501771534854
-0.719393906	-0.687542747687982
-1.091809702	-1.07804590452879
-1.442892086	-1.27359805481456
-2.98081859	-2.81030017172508
2.078421241	-0.86294536048651
-0.992538252	-0.991187237282157
-0.581905815	-0.677547946911085
-0.909711305	-0.995174013215076
-0.97994917	-0.928006238391488
-1.75933504	-1.6990296618194
-3.129415022	-3.01513497649808
-2.081037555	-2.00168660969789
-1.453877943	-1.81723822432142
-1.429563874	-1.3056264753004
-0.980400251	-1.04608386451905
-2.118176317	-1.93681613189145
-0.738832592	-0.803406644355975
-0.989548422	-1.02525940988155
-2.037345745	-2.02307905326441
-1.808820385	-1.64685483784333
-2.321115008	-2.20790155869661
-0.755732132	-0.727598389763718
-3.455210442	-3.27259901061417
-1.13644327	-1.23451727881076
-2.274878902	-2.46648829484216
-0.837912118	-0.970575872201553
-1.266092638	-1.27459029256459
-1.312267335	-1.32300247384069
-1.280823568	-1.32415352291243
-1.660624047	-1.57942361748491
-0.663137673	-0.580620008867367
-2.296763194	-2.4804456143387
-3.07474327	-2.87931354705797
-0.717474024	-0.926609538849106
-2.332230051	-2.16537491390869
-1.743611968	-1.77554846957459
-0.863369725	-1.03876667844456
-2.72616997	-2.92179762971482
-1.207818885	-1.11101683950403
-1.7027892	-1.66727905230419
-1.374994048	-1.34720583776946
-2.715638148	-2.89693181897603
-0.966851587	-0.87524431020942
-0.846704795	-0.92826005046553
-1.696857166	-1.67413582493023
-1.865591557	-1.6340267210836
-0.972144059	-1.05574048602553
-2.943773234	-2.7939380048901
-3.447886785	-3.28121284718448
-0.642526184	-0.695917558095132
-2.8306622	-3.06774838174926
-1.759288294	-1.61510422832812
-1.496584228	-1.49444810075088
-0.150709828	0.147162919583377
-0.534083318	-0.573646381070116
-0.281138694	-0.258652968752848
-1.230682687	-1.23733040816793
-0.843973453	-0.882101908722469
-0.431394537	-0.299790071077138
-1.715888086	-1.67699927748402
-0.972310953	-1.06785371703874
-0.722376673	-0.695499050105733
-1.529686178	-1.69802438089069
-3.366783289	-3.62984183508948
-0.678415733	-0.841723849707169
-0.500984872	-0.265725665059111
-0.855850902	-0.98256482572976
-2.574095873	-2.41315925722544
-0.812944123	-0.940826496846385
-0.613293108	-0.728383703572671
-1.245882989	-1.13229491571338
-1.42376526	-1.36657266251095
-0.63265539	-0.626831387719028
-2.74440254	-2.82236778160846
-0.75168272	-0.718932970705463
-2.063137568	-1.85137980478133
-0.860410404	-1.0219817255065
-1.471988625	-1.42888559976152
-1.589439103	-1.5024353240948
-2.331529048	-2.54285372374139
-1.104515041	-1.09434941128972
-2.736692375	-2.55906376270596
-1.234153159	-1.19966925454192
-2.299766318	-2.13652411467459
-1.655978731	-1.72634586180347
-3.44629739	-3.26587333237361
-2.546562739	-2.40874683562007
-2.324757015	-2.48756774828951
-0.539697153	-0.634934959170899
-0.61519616	-0.681106508664899
-1.618849599	-1.5700848855007
-1.729735189	-1.58829672249172
-3.543895914	-3.5229849318826
-1.011365976	-1.01008282729401
-2.138513646	-2.03716725098983
-1.776545911	-1.66897836101583
-1.178322398	-1.15274206243916
-1.559410022	-1.66538603290014
-1.885813908	-1.85149191424696
-1.302233979	-1.41658957352021
-0.956574465	-0.942482411380766
-1.371767131	-1.37187523522267
-1.537632621	-1.60271598385523
-0.580955415	-0.629464293448068
-1.174780853	-1.07859410300336
-1.370008205	-1.2807948015058
-1.832804339	-1.74563584961452
-1.119565569	-0.932663579130563
-1.121527628	-1.06426255929878
-1.510765593	-1.45326150591303
-0.923471336	-1.01351978306334
-2.064502463	-2.08904953364039
-1.66305479	-1.68453993922633
-1.828122477	-2.12101244031236
-3.072729048	-3.25832669714482
-1.424652344	-1.30567783382723
-2.096221079	-2.18888761360137
-1.349389533	-1.37920165783533
-1.101881906	-1.08967808006719
-1.049434813	-1.03251194978357
-1.443979864	-1.34002110499029
-1.213152917	-1.3311972776322
-1.013273693	-1.06280366053801
-0.51365324	-0.486364321721159
-1.379136121	-1.22501771534854
-0.841581109	-0.900755867563984
-1.002435956	-2.33068348391735
-1.807577784	-1.69495892313265
-1.496656223	-1.46905222898708
-1.300701472	-1.49936341665431
-0.882715481	-0.973691803718456
-1.55884975	-1.60619794907859
-0.645672028	-0.73028576389149
-2.47316413	-2.23541759018972
-2.10212397	-1.99585825097758
-1.293795628	-1.43321059507857
-1.594886795	-1.61770130118084
-1.068773103	-1.08389242380509
-1.372749637	-1.34189617350523
-1.382379912	-1.41052520046639
-2.539488095	-2.5249040464916
-1.841764414	-1.69615632682548
-1.020477148	-1.09234231239855
-1.488992807	-1.53954063233346
-3.129980848	-3.31659926864825
-1.130816715	-1.06287275249159
-1.233362976	-1.25107227166108
-0.779893306	-0.897062200666341
-3.189875342	-3.14624114641096
-1.800692995	-1.72146876828068
-1.572337606	-1.41245756283543
-0.841208383	-0.876504453095448
-1.141543517	-1.04602709350304
-1.197201032	-1.22355651789838
-2.649035686	-2.44997152608517
-1.082725212	-1.15806915437167
-2.394596166	-2.70758210784615
-2.771260461	-3.06289323594889
-1.040066139	-0.997825114188412
-1.372023411	-1.22581535101041
-0.583719338	-0.702249967127926
-0.944358404	-0.902300119871106
-1.175139223	-1.31459413664882
-0.959084758	-0.885583325367428
-1.325966823	-1.4615536649924
-1.362377555	-1.25151713266778
-1.255349589	-1.24421428174411
-2.798122783	-2.94386990070326
-3.109895494	-3.30421344490133
-3.432818527	-3.26026903281697
-1.311846138	-1.26641508101027
-1.153303472	-1.18895877709436
-0.375070983	-0.361150924472747
-1.05514835	-1.07316990988769
-0.778733503	-0.662620707872424
-1.8414311	-1.77278443587972
-0.745537705	-0.742947052740347
-1.272000518	-1.28100915990958
-1.483845893	-1.48818699655063
-1.628056065	-1.6379485585938
-2.344356478	-2.33707416239177
-0.924568152	-0.768971814429649
-2.736987211	-2.77225347940853
-1.387596346	-1.43658099916349
-2.302583753	-1.9996822003817
-2.774854988	-2.83761053296319
-2.573896384	-2.64641656447913
-1.1200124	-1.04602604885383
-2.603814871	-2.84844210220069
-1.201978702	-1.3670231765906
-1.747447864	-1.6173155929842
-1.165107262	-1.24831236225433
-1.084493089	-1.0139765104208
-2.600048707	-2.42970103012867
-0.958439982	-0.887937546863876
-0.96045971	-1.04235287809056
-2.087909343	-1.92251049204383
-1.345614065	-1.38764336610135
-0.9400753	-1.09853259805483
-1.030680348	-1.15045755508799
-1.842727627	-2.33182482475664
-1.520084927	-1.39706427556122
-1.576183724	-1.55439295778393
-1.127439015	-1.13182155534795
-1.427066891	-1.35511246606692
-1.174551625	-1.12692187549528
-1.778520674	-1.6237747566862
-0.573845376	-0.69746560456935
-1.109841236	-1.13661782535012
-2.599261113	-2.44081510246953
-2.194187955	-1.88822114834389
-2.674049588	-2.69777020026196
-1.823981488	-1.73730247342018
-1.004167098	-0.917333934882637
-1.208343794	-1.07346013769049
-1.878522078	-1.88453380828989
-0.560070799	-0.60233950172754
-0.737326466	-0.709112054254631
-0.913366069	-1.06741213476216
-2.988087727	-2.73823759963538
-0.611822309	-0.701664508431798
-1.80226326	-1.74103382636452
-1.574127431	-1.48016852085925
-2.820761066	-2.75510493908187
-1.433878674	-1.37348376807972
-1.253862825	-1.19406209669075
-1.161168602	-1.11381980654348
-0.87354002	-0.891113634232757
-1.991129796	-1.99967209259569
-3.348520421	-3.12661541077297
-1.313072996	-1.17380092121976
-2.089295724	-2.13290871552032
-1.106571857	-1.18683274424048
-0.583534592	-0.58465547900306
-1.559250441	-1.49130552003017
-0.893799875	-0.910731801865557
-1.376567158	-1.55432824565332
-1.365671893	-1.27533969989867
-1.054563859	-1.07056127154132
-3.105946272	-3.25832669714482
-1.310439805	-1.23057650132386
-0.47572882	-0.568696265536702
-1.13158548	-1.17861399377599
-2.410806488	-2.26526521223584
-3.160866378	-3.18038310687217
-0.731258962	-0.623315038759448
-1.650095942	-1.53926706205983
-1.424698429	-1.275833945129
-1.088204569	-1.13090667236713
-0.701150861	-0.690953286673906
-0.606358628	-0.612370825239065
-2.814491578	-2.40996669341371
-1.808831427	-1.72751945618371
-1.354498469	-1.2087286733868
-0.629250827	-0.906826797187871
-1.506927437	-1.6140693551697
-3.135909863	-3.29007730666003
-2.339639703	-2.30985336010494
-0.939444788	-0.859061363379203
-1.623947262	-1.52115104598148
-2.659465741	-2.79347044177427
-2.466330557	-2.3744164285539
-1.003686405	-0.990804275313497
-2.487344397	-2.59673180001185
-0.910901646	-0.895666759064416
-1.105969621	-1.02485309833761
-3.270735969	-3.10917831720886
-0.867588167	-1.00991266722249
-0.377355587	-0.534012098484346
-1.233279384	-0.964414188645772
-1.830490196	-1.68470377304806
-1.343097558	-1.31012841432031
-1.228722828	-1.24112762947516
-0.929846067	-0.979700627488229
-0.583209774	-0.541587616736813
-1.45954382	-1.33671323431793
-0.948911987	-0.986534965712604
-2.106068861	-2.25002161511516
-1.102329095	-1.09625082292358
-0.582507364	-0.69038053504531
-1.081101789	-1.28025712754921
-2.888395146	-2.95877904415623
-2.192891339	-2.16245649210026
-2.773614927	-2.71868496434405
-1.154087484	-1.17824061320789
-2.746047084	-2.76749452222968
-1.087267802	-1.18981976388688
-1.275201494	-1.43388815689075
-0.87421082	-0.945602926781351
-1.341387131	-1.28813289485191
-3.084751834	-2.88896839128428
-0.997044903	-1.03313439627682
-1.244852459	-1.30507362234273
-0.933922859	-0.972367934737509
-0.909694776	-0.899887642451418
-1.355847349	-1.29861211139339
-1.011241974	-1.02279127269602
-0.451486508	-0.600714985561618
-1.260405666	-1.4433834394543
-1.766117992	-1.60227611156839
-1.335494721	-1.62376731206707
-1.324825391	-1.63910682687794
-1.073949762	-1.13661782535012
-1.447498965	-1.45194196674767
-1.446885982	-1.32910154388602
-2.418241969	-2.48292936515662
-0.594416608	-0.562462166236403
-1.7239583	-1.62249481506669
-1.075149502	-0.995641770505536
-2.95727592	-2.71132621851109
-2.040191688	-2.3704543687969
-1.634174278	-1.64674237409939
-1.172824745	-1.75056883542536
-1.153825204	-1.04170952817528
-1.466336074	-1.51128973378478
-3.462303325	-3.2341227228584
-1.472022265	-1.39927554924325
-0.306667528	-0.215885671091796
-1.077584231	-1.05734362357817
-2.247872058	-2.25835965363124
-0.895752517	-0.891862230577899
-0.803742373	-0.877885578005693
-1.041848998	-1.20792362449616
-2.83524318	-2.84756293754276
-0.7285507	-0.877714515699799
-2.681099661	-2.42275072379834
-1.138150766	-1.14469561486833
-1.691555655	-1.55215498142816
-0.745406491	-0.625647447436686
-1.445574592	-1.47422285471576
-1.132549287	-1.07273110580349
-1.52967189	-1.39753668327104
-1.64561889	-1.64238491460192
-0.332451678	-0.227950586895725
-0.747012802	-0.655065648274657
-1.04736818	-1.12383519491972
-2.997058294	-2.8844385840559
-1.792776979	-1.76586550015912
-1.230692724	-0.994684338590526
-1.696029739	-1.43758919859463
-0.855506847	-1.02632876659384
-1.190141916	-1.22832095767888
-2.215759047	-2.0891037064151
-2.062373213	-1.97557339066214
-0.705532563	-0.715189724525121
-2.954776951	-2.57405525212568
-1.593081694	-1.73104187659082
-1.123565014	-0.929594650677523
-1.169687698	-1.38064564875444
-1.040881433	-1.12938833032694
-1.353631703	-1.28526195482768
-1.296439603	-1.19324288680485
-2.04784069	-1.94002708394754
-1.047881866	-1.1904995622228
-3.433180505	-3.208071792724
-1.7804188	-1.74411053045866
-1.083737983	-1.06599412227297
-0.5574121	-0.432559774587816
-1.605220082	-1.38968479655835
-1.65815516	-1.60935778678294
-1.369296738	-1.31713803027126
-2.496936342	-2.82904814697375
-1.98681426	-1.92327241821144
-0.992372387	-1.04629529501359
-1.095509552	-1.31557006515119
-2.892091195	-2.89739025951197
-1.360218906	-1.30705381965941
-0.877607237	-0.82720521525895
-2.8836445	-3.06141691474129
-1.725896699	-1.61996013429287
-2.72823728	-2.6604204526574
-1.758161561	-1.67699927748402
-1.176641163	-1.25636605372817
-2.768638034	-2.900456332932
-1.284765517	-1.26913153114305
-1.294940957	-1.16272619118719
-0.933058363	-1.07506782675611
-0.548305824	-0.692570095873456
-3.051030291	-2.93149503607221
-0.539573836	-0.682939689113278
-0.636175705	-0.366118250786292
-0.869275172	-1.11645613664181
-1.956164163	-2.0284614940179
-2.972712061	-2.8228873747029
-2.864899585	-2.95603633274201
-1.30184117	-1.17540813784924
-1.342265537	-1.27898490112744
-0.747647502	-0.976174351240982
-0.741690706	-0.591626460460999
-0.789543189	-0.65375542277333
-2.788927515	-2.82236778160846
-2.133674245	-2.12078843406895
-1.630737021	-1.46613849995146
-1.077372182	-1.12931978886387
-1.52073874	-1.36016725804449
-0.521045148	-0.666114091390881
-3.028653406	-2.75290550500733
-1.403599934	-1.35297691551663
-1.372402285	-1.41947619904698
-1.54718019	-1.46063620927673
-3.350229547	-3.32995178783165
-1.146331345	-1.19694943618681
-2.662840373	-2.50495412052934
-1.11630847	-1.11274696642824
-2.770353154	-2.94714950118611
-2.777659824	-2.85336620860593
-1.045519137	-1.08206919702827
-1.29511836	-1.13926639678567
-1.227509796	-1.26189830446859
-2.973400232	-3.07010254879429
-1.076822411	-1.03840139439142
-1.200698158	-1.22218860522
-2.505971321	-2.46424681854239
-0.898148385	-0.977353536296559
-0.810259413	-0.727249659620942
-1.349905631	-1.26931366030566
-0.96536842	-1.15468888942839
-1.095935927	-1.01427648398783
-1.468980952	-1.54227691496943
-1.802796931	-1.70667805646702
-2.800211291	-2.54252198980273
-1.844357544	-1.80144526927858
-1.275741752	-1.34919149489119
-2.920089579	-2.61041739848878
-1.360568256	-1.34030595322211
-0.645198452	-0.589367627348969
-2.519797498	-2.83193861852614
-2.526044445	-2.26716819970493
-0.388214412	-0.570336894657702
-1.098333431	-1.38396319232637
-3.194436626	-2.83053653681327
-1.366331096	-1.26425302860257
-0.992672509	-1.16300482895346
-0.770288684	-0.767961323729393
-0.759944249	-0.926609538849106
-1.228412144	-1.27332301282752
-1.104027703	-1.11197513011811
-1.314154524	-1.40125113530972
-1.162065754	-1.17577650728623
-1.722055299	-1.59453806626455
-0.742518361	-0.795779491774813
-1.159539338	-1.18587102264128
-1.083423864	-0.997825114188412
-0.9914933	-1.05218091977432
-2.297874187	-2.28668481923296
-3.464335395	-3.24758072956802
-0.406056844	-0.337279518711544
-1.439493544	-1.23988193780114
-1.780327478	-1.68261484509131
-1.178433984	-1.06664400741582
-1.288020089	-1.28805482157792
-1.767790972	-1.57422603921654
-2.676572273	-2.28706362678073
-2.46614919	-2.6101575121355
-2.033213438	-1.97971380155434
-0.975575759	-1.03428918641611
-2.977850627	-2.63266497241076
-1.747188302	-1.66993279039006
-1.410019524	-1.2833861474695
-1.375294142	-1.32899833957899
-1.462630553	-1.34888863978647
-3.218887055	-3.04540204840095
-2.871785508	-2.82302540701071
-2.656730938	-2.62951057830624
-2.5663448	-2.6298747915759
-2.604660863	-2.31881423629594
-0.763451257	-0.85558272586417
-1.271025942	-1.28368663077784
-1.021837384	-1.07056127154132
-1.154240001	-1.02919631890302
-1.381647434	-1.25163553795429
-1.954539376	-2.31446595266094
-2.537123019	-2.23455794605753
-2.376208929	-2.3429546155655
-3.029219409	-3.0745139857336
-1.644561207	-1.5476730079697
-1.763583318	-1.80396562511798
-0.984916184	-1.04235287809056
-0.763859473	-0.695499050105733
-1.075618684	-1.31689982636921
-1.770762572	-1.73824298524449
-1.52236468	-1.45128997903391
-0.740116263	-0.861654629187893
-1.119221249	-1.15583563738284
-2.204797721	-2.72236195817735
-1.905358673	-2.14618290287349
-1.207848587	-1.20673299978527
-2.786708374	-2.93220694244721
-1.603116343	-1.50619396151126
-0.901394364	-0.827232053497643
-0.962247447	-0.856516674699959
-3.518391574	-3.49123432236739
-0.900612441	-0.896748294990405
-1.376066394	-1.71362663314287
-0.887838219	-0.7152995640334
-1.213456789	-1.05055378184468
-1.645979888	-1.52786819462476
-0.746473404	-1.01034879605931
-1.292190665	-1.30401156212957
-1.690261917	-1.60080993176398
-1.363580949	-1.25050802610407
-2.450486448	-2.26778058452416
-1.281410856	-1.33618160455745
-2.407061454	-2.27236354180951
-1.110051929	-0.976116995821006
-1.320665567	-1.28288026202601
-1.110754822	-1.03552932670156
-1.028927054	-1.01699314991488
-3.201537567	-3.14624114641096
-1.817272238	-2.16259172680859
-2.467225676	-2.44425279008959
-0.997311518	-1.12101963945858
-1.420712886	-1.30993518778574
-0.804742725	-0.827371036634475
-1.157494709	-1.14295396978422
-2.541558102	-2.3992358159733
-0.6853989	-0.9511013660528
-0.899100976	-0.946120622554134
-0.674967915	-0.904011241726723
-1.342159001	-1.35780261538153
-2.525741026	-2.59887672474683
-2.925990058	-2.83962858351733
-1.478764223	-1.42885876152283
-1.391089331	-1.36672784729983
-0.677345717	-0.719314650534544
-1.285255187	-1.41052520046639
-1.11776428	-1.30269961379237
-2.540577624	-2.35107805057004
-0.8639729	-0.935308862849604
-2.946885853	-2.853998414597
-3.145485726	-2.99787808986225
-1.354674655	-1.39241204451504
-1.127688162	-1.02149930579376
-1.542030428	-1.68524612121831
-1.741727199	-1.6237747566862
-2.485893914	-2.43048708916247
-0.964068986	-1.25154147507069
-1.024307875	-0.987236728010425
-1.325255303	-1.325354400602
-2.55393807	-2.5249040464916
-1.191945607	-1.24295191838642
-2.054817706	-1.89293695962147
-0.948511394	-0.94960121049392
-1.225122006	-1.22220433904029
-1.870903206	-1.70889222276027
-2.800094767	-2.81421639894894
-2.57564186	-2.26630855557274
-2.453696587	-2.27794423497764
-3.081420054	-3.0783457377249
-2.952911934	-2.99582529449116
-1.720562977	-1.57561477582968
-2.55839931	-2.82060643870773
-1.300476861	-1.03601458989073
-2.085556976	-1.90506552237624
-0.721988501	-0.760167887864071
-1.250728857	-1.30080070631353
-1.236451213	-1.18946088767855
-2.347586435	-2.43474901782566
-3.057204232	-2.85779845138313
-1.127179573	-1.09774473178818
-1.111926868	-1.07535446064608
-0.91218886	-1.01514903542853
-0.521120985	-0.652618981895379
-1.239791407	-1.45159835817423
-3.193432651	-2.98716118396043
-3.045756502	-2.83504972827051
-1.737876988	-1.75079718007293
-0.589738723	-0.949973689623178
-3.144053347	-3.34241325608014
-2.4233788	-2.17100685185807
-1.371227726	-1.30858018363819
-1.037845359	-0.937720906525793
-0.326276544	-0.302301139882632
-1.063866904	-1.02861127228911
-1.124939128	-1.07859410300336
-0.952986794	-0.845448359230305
-1.660991754	-1.66857999733006
-1.309744555	-1.34952443582891
-1.625686561	-1.48745016015122
-2.972890094	-3.04276337621839
-0.739463623	-0.822567938801616
-0.963881123	-0.916109754936503
-1.343034936	-1.22581535101041
-1.409606732	-1.3607489490942
-1.712698071	-1.72408940181009
-2.34673628	-2.44047762396344
-1.193908921	-1.39855611567164
-1.101411368	-1.00006404709076
-3.204645341	-2.99682170893493
-2.73990032	-2.64843386396685
-1.611846317	-1.50619396151126
-1.338510588	-1.48030071940465
-0.851197893	-0.871417938860164
-0.469340471	-0.527154499971297
-1.821549245	-1.6774347259504
-3.325687217	-3.14387229740879
-1.739968183	-1.70160945937037
-0.331628574	-0.323322129571696
-0.923392758	-0.833770103615432
-1.301276781	-1.2096062304242
-1.47170379	-1.48524849861543
-1.141467662	-0.998781117966549
-2.839756815	-2.75298598270619
-1.798746121	-1.87760918722611
-1.198402399	-1.31815329194833
-1.219449757	-1.22355651789838
-1.353372473	-1.53540076210078
-2.099758964	-2.41013682236822
-1.289596385	-1.30046743664661
-1.147099427	-1.17228238157647
-1.062177171	-1.03905338210519
-3.365171347	-3.40879252167294
-0.662518517	-0.66918061238578
-1.475672401	-1.38694829709305
-2.637114013	-2.75447273309079
-2.143401371	-2.7012945334958
-3.457503125	-3.31296345669968
-1.559244905	-1.48149962561458
-0.976804661	-0.867906216863315
-0.51561918	-0.6102185787395
-0.892608464	-0.933420124834516
-1.20968116	-1.22870004570202
-1.183559955	-1.298248440549
-1.138845789	-1.01651437224098
-0.752141238	-0.984636490269412
-0.898455971	-0.900880844965221
-0.991493452	-1.03340144019825
-2.882246553	-2.96852650200481
-1.053300863	-1.0802245206029
-1.612140764	-2.16345742006785
-1.005648078	-1.01828557522781
-0.83921431	-0.81002340554786
-0.948728329	-0.885723526750899
-1.825604627	-1.64778957129191
-0.940466437	-1.26398139519342
-2.658807959	-2.69562527552698
-1.817138673	-1.79250542867394
-1.659409982	-1.60234947232103
-1.128348945	-1.24052142612808
-0.714158459	-0.837044499030609
-0.832181565	-0.832894052158266
-0.872655954	-0.894281476715344
-1.690759324	-1.59453806626455
-1.198596416	-1.07066669361888
-0.683869551	-0.644272405837272
-0.737815439	-0.847227147039003
-0.66367122	-0.568106799595112
-0.772880233	-0.824985889499894
-3.469389707	-3.2255088862881
-1.234853357	-1.15047967865569
-0.964304953	-1.03292807983282
-1.043219067	-1.02293784679737
-1.399317836	-1.35790842493246
-1.386879551	-1.32336185655171
-1.546770461	-1.63294480948886
-1.26543756	-1.21092690952933
-0.918740048	-1.09756656177247
-2.836505415	-2.80085095104187
-0.658569963	-0.671541553395336
-2.986414155	-2.79094590246491
-1.121316377	-1.01426351687961
-2.38291753	-2.83704814005389
-0.85617845	-0.884139799579016
-1.464557281	-1.40730048599612
-0.762548246	-0.75151245741051
-1.375388393	-1.25093257177355
-0.930636512	-0.976607991214931
-1.886275898	-1.92263812729312
-0.982338926	-0.814258135725584
-2.750609009	-2.83773426056174
-0.496680627	-0.703567551999324
-0.787163166	-1.03031560362627
-1.51223755	-1.59687537115337
-1.465971951	-1.42225757046635
-2.848840491	-2.81421639894894
-1.683682613	-1.52786819462476
-1.970333313	-2.1095488531038
-0.836811336	-0.81002340554786
-1.790728386	-1.63645670334825
-1.354006749	-1.296318394123
-2.605053455	-2.71532292343381
-1.542712694	-1.63815599689223
-2.63158991	-2.44997152608517
-2.889539009	-2.52985206746519
-0.890544336	-0.822758144937719
-1.5701776	-1.44190921928676
-1.14634627	-0.977957747781056
-0.91940037	-0.948956802229405
-1.740951121	-1.66620547374999
-1.741110684	-1.64292805657271
-2.902645669	-2.89739025951197
-0.659304875	-0.718018087724641
-3.455921296	-3.48045077050373
-0.739131317	-0.784537488927476
-2.741741416	-2.8314623950623
-2.485350141	-2.42554747931647
-0.895578429	-1.0710800008364
-1.788721653	-1.64681241396359
-1.739452504	-1.68261484509131
-1.295670529	-1.18164948162206
-2.892332495	-2.92428572322681
-2.097153319	-1.92441679344135
-0.400595832	-0.363552837783728
-1.600384149	-1.34560881281237
-2.163500113	-2.37340411125287
-1.485603915	-1.39753668327104
-1.859509264	-1.82425603818915
-2.786826549	-2.85336620860593
-1.954954111	-2.36155607698702
-1.444637643	-1.39969418182867
-0.134588495	-0.126366730394191
-1.698824714	-1.58829672249172
-2.24829488	-2.77444466162951
-0.748610856	-0.633137464211345
-2.420457827	-2.62168231100857
-2.508256732	-2.50193811828288
-1.130342259	-1.3957405602105
-3.450937578	-3.32160650676521
-1.326881026	-1.3112008171676
-2.994420079	-3.23349502335022
-2.899075243	-2.68066916916665
-2.545609909	-2.82290415419969
-0.555721867	-0.565443633136309
-1.602185743	-1.71699673073352
-1.286427798	-1.23466447149506
-2.946612235	-2.7430768280263
-1.421157106	-1.4695058459895
-0.622597472	-0.745292966614869
-1.166732625	-1.04602604885383
-0.822530918	-0.929717796773975
-3.245125431	-3.02857231845014
-1.485664751	-1.38418432957419
-1.037821419	-1.13090667236713
-1.01623193	-1.02861127228911
-1.275594636	-1.2936489139838
-1.093278902	-0.986472327519252
-0.864648064	-0.896721456751711
-1.026519297	-1.14317434853398
-1.244860412	-1.17206338540282
-1.766208768	-1.58900039740449
-0.998592659	-0.877198968745514
-1.0943537	-1.10043133233047
-2.93719368	-2.79094590246491
-2.985917694	-3.08624858853589
-1.194467927	-1.22917668308517
-1.107263168	-1.1156430333203
-1.214778948	-1.31459413664882
-1.815056525	-1.74411053045866
-0.855244577	-0.898931638673281
-1.187632071	-1.30872533786359
-1.155988661	-1.11101683950403
-0.882584738	-0.782873961222449
-0.761901285	-1.04886716513831
-0.94620921	-0.939147603181857
-0.735943957	-0.98322547930019
-1.147568741	-1.13300130128624
-2.965006444	-2.80598365104653
-1.380112163	-1.49330427450761
-1.330244353	-1.43321059507857
-1.16926723	-1.298248440549
-2.896319904	-2.82436259643769
-2.420960421	-2.33080755461353
-2.412971295	-2.50251030702841
-0.845058733	-0.936302910248704
-0.686409619	-0.736210714214185
-2.923499344	-2.58389543650056
-1.055461876	-0.995614932266843
-1.428358171	-1.39847845681504
-1.087278233	-1.08062719219929
-0.999685539	-1.13145741976702
-2.443680944	-2.48292936515662
-0.705449608	-0.601374932237118
-1.117006993	-1.13168302580873
-0.566706344	-0.649650078641147
-1.062112281	-1.11978213387021
-1.528412371	-1.42189594935582
-1.115040857	-1.15203909625842
-1.97843105	-2.26148520232372
-1.345390284	-1.33768752364836
-0.263974313	-0.315495118930182
-0.941198254	-0.814624570737658
-2.630820718	-2.49791899284338
-1.08693579	-0.865248873157971
-1.064736659	-1.28883211401664
-1.771405174	-1.61996013429287
-0.931935289	-0.897239829677818
-1.192602753	-1.03053172748176
-1.540282756	-1.58156387091926
-2.406643825	-2.41457519434037
-1.605863683	-1.66925463837066
-1.230629124	-1.25354024454385
-0.724474141	-0.990375554428235
-2.0266294	-2.47483250900875
-1.630533128	-1.49547285461213
-3.123574789	-2.83655665477934
-0.659242801	-0.585257797236291
-0.802896323	-0.816071108953385
-1.049923731	-1.18211568439444
-1.594249522	-1.73870775837957
-0.664487962	-0.644455038935682
-2.758874183	-2.56750547097198
-1.136785148	-1.13529624544759
-1.386906471	-1.33880442917462
-1.589833859	-1.49833897182668
-0.780682154	-0.683548954518192
-1.073268664	-1.03253878802226
-0.74600345	-1.06302766678141
-1.747027381	-1.65295316353285
-2.794902606	-2.72715436635279
-0.90778916	-1.23797959248516
-1.28924003	-1.28280762320509
-1.085273971	-0.947278673402003
-1.542546792	-1.57395898302157
-2.859408135	-3.00443574337902
-1.805570651	-1.70874988699922
-2.481880222	-2.57160617753895
-0.729404837	-0.599505537472958
-0.329500009	-0.525936678043856
-0.462296862	-0.456241650807524
-1.190141523	-1.07550929251491
-2.130847848	-1.97784039749179
-0.678760435	-0.701425935818765
-1.565495958	-1.66925463837066
-2.613200398	-2.71951870476027
-2.320934926	-2.50890904507233
-2.354985608	-2.29651349621398
-1.828843828	-1.6533678675445
-0.670766424	-0.726291659868525
-0.738059982	-0.616307734260533
-0.86741499	-0.940043084613786
-1.457976378	-1.44678430615474
-1.662158166	-1.64695127301179
-1.050642438	-0.916212959243534
-2.60746716	-2.43467435290027
-1.592482075	-1.59386341916071
-1.334816609	-1.21875741658887
-2.735205844	-2.81253910462743
-3.010214345	-2.81172498098474
-1.044867205	-0.947052095639843
-1.115312511	-1.10917542027041
-1.498191797	-1.36085215340123
-1.095681503	-1.15312078444148
-3.47933037	-3.24758072956802
-1.257012154	-1.35304849123254
-2.429672445	-2.65849166740967
-1.356650036	-1.25889732988328
-2.706163635	-2.42275072379834
-0.819783187	-0.783263066925719
-2.94472691	-2.79579473504764
-3.219337634	-3.03824253594776
-1.632799112	-1.77045836789478
-3.010517347	-3.19097268833017
-2.30091008	-2.17842984858836
-2.542453787	-2.4830240899232
-3.025586439	-2.96640604151739
-1.760107295	-1.72408940181009
-2.502041087	-2.26426838942382
-1.24573292	-1.50828894514058
-1.671542869	-1.75965977065794
-3.040572312	-3.16031039025642
-1.419168706	-1.47102781505355
-0.851171748	-0.868120575267087
-1.500758544	-1.46658836231148
-1.59895571	-1.59913480952961
-2.095224321	-1.93355565981128
-1.76179622	-1.58390559094337
-1.811676138	-1.83795419515968
-1.624627959	-1.47977759928365
-0.969902317	-0.945019840289974
-1.390569221	-1.22689490795392
-1.302523044	-1.19223786780005
-2.865946568	-2.89928175283416
-1.655107617	-1.57448950591587
-3.425888731	-3.44870016098852
-0.872002082	-1.07341889091992
-1.87808344	-1.80617204686111
-1.928789104	-2.2516565253427
-2.096225805	-2.00541664147462
-1.315817822	-1.44352577401127
-2.518841557	-2.68776809524506
-2.585812387	-2.34001692036484
-0.819515338	-0.750168103354032
-2.717610621	-2.81212440061579
-1.595758898	-1.72631927892615
-0.992914082	-1.4640098879861
-0.974094193	-0.904249445628776
-0.909866626	-0.98256482572976
-0.833624262	-0.852358230438909
-1.517117605	-1.50191645624885
-1.119151993	-1.18681790416973
-0.40393615	-0.562953689178067
-1.109120545	-1.23451727881076
-1.402462546	-1.47213915311778
-0.838224511	-1.04428087301885
-1.363019159	-1.2123357686865
-1.941145404	-1.77738645912973
-3.02985004	-3.10232099140581
-0.264375365	-0.26821792402241
-2.129667433	-1.95426110155904
-1.339838233	-1.39439274454185
-2.119950832	-2.25684266373234
-1.223975729	-1.30038207372812
-2.588106574	-2.93710429671892
-1.441014959	-1.74537724265808
-0.602460914	-0.791344238896846
-1.159302686	-1.35146599134557
-1.178443195	-1.03120385446722
-2.118605816	-2.3462998386899
-2.144397881	-2.23663323642048
-1.149617118	-1.17995219890355
-0.710398242	-0.585640264831159
-1.199282343	-1.17995219890355
-0.774230791	-0.698128254861542
-1.531180524	-1.57810580196888
-0.874967148	-0.870798046135348
-0.926191969	-1.02398987651033
-1.234937266	-1.33256321988371
-0.587423277	-0.651274627838901
-1.548902193	-1.36820713582079
-1.118217269	-1.05083366045443
-1.83092865	-1.67229115797937
-2.827935824	-2.96248901599698
-1.67962986	-1.64945191069605
-1.746931349	-1.66440571731027
-1.411117638	-1.37895644728467
-1.599697417	-1.36820713582079
-1.651765239	-1.5332012033341
-0.842908681	-0.97280705371794
-1.101499774	-1.34865043588442
-1.361871642	-1.35365428790501
-0.772230591	-0.87645727536376
-1.556343942	-1.58372136957618
-1.366855149	-1.51167418903611
-2.679254842	-2.46527736858627
-0.576524834	-0.577002288964708
-2.400301208	-2.51110311422619
-0.894263485	-0.869919038562605
-1.202517514	-1.33355701165819
-0.931886407	-0.870750181679557
-0.750462227	-0.6251524940545
-2.696316737	-3.01125048410361
-1.07023949	-0.9809953842376
-0.354644193	-0.267900100882447
-2.450196188	-2.56538177035729
-1.672447634	-1.66633244103586
-2.360232512	-2.63923484343546
-0.897007489	-1.05261668592574
-1.883938388	-1.79341108730048
-1.174568016	-1.11872906914048
-1.721450753	-1.69016389548976
-0.916299667	-0.990317361633936
-2.55192758	-2.52176684735969
-0.612988945	-0.726402578702031
-0.78672134	-0.890567216106978
-1.396416751	-1.25756596052562
-0.689272355	-0.802157134599907
-0.878156774	-0.853607139797705
-1.813821993	-1.58900039740449
-1.762172827	-1.66421179558934
-1.002480558	-1.11372049291627
-1.984466995	-1.89030385568828
-1.144004399	-1.22526741224974
-3.032680347	-2.68959117283939
-1.587020281	-1.52305612954538
-0.442473638	-0.627398184353393
-1.11970171	-1.17740624662471
-3.418367852	-3.38147681728974
-3.170485154	-2.9728598088161
-2.970347676	-2.57405525212568
-1.038375479	-1.10880614273762
-1.002204431	-1.19188068713305
-2.025197423	-2.05157478321768
-0.850436293	-0.805790118630444
-1.696623838	-1.60512645244254
-2.924919959	-2.86943413078804
-0.864004487	-0.916264861871443
-1.848729283	-1.92710645814768
-2.953852434	-2.86943413078804
-1.749333585	-1.64054054846416
-1.87221947	-1.6774347259504
-1.498825264	-1.52563555107073
-1.161693003	-1.32581917373708
-1.826075819	-1.71436545460652
-0.91351179	-0.940022608588541
-1.357174132	-1.40761881337872
-0.690292285	-0.662887084585188
-2.669640753	-2.84543811250233
-1.327332843	-1.3809421044064
-1.626877067	-1.59724008856762
-0.741280539	-0.588255476537772
-2.505500542	-2.62573541218008
-2.221209202	-2.16637173672071
-1.176162691	-1.30414606434033
-2.283733792	-2.42417202523252
-2.929056536	-2.60091436289555
-1.382733704	-1.275833945129
-1.012711553	-0.968313437575554
-1.040639806	-0.895264243611352
-2.255177686	-2.47271270202382
-0.574541053	-0.737568970445499
-1.417163449	-1.37348376807972
-2.309486245	-2.27552295303877
-0.763424385	-0.852389190063807
-2.603966261	-2.77374949586639
-0.936946802	-0.862068698833038
-1.000170873	-1.09234231239855
-1.659936008	-1.399957745336
-3.411253014	-3.62984183508948
-0.360374679	-0.282610465463245
-1.361086905	-1.21088617204371
-1.607578475	-1.55204468520353
-1.383417226	-1.40403333162993
-0.93607601	-0.817687916681374
-2.914908527	-2.86664960039116
-3.165261866	-2.99682170893493
-0.926367699	-0.939642556564043
-1.348434914	-1.43981320737277
-1.773597562	-1.71130191991541
-1.090064698	-1.28185810535219
-3.407727189	-3.38857139782321
-1.499719792	-1.57402752448464
-1.050073562	-0.943627340714885
-0.53291294	-0.607541725616623
-2.91585168	-2.90423149905816
-2.527362574	-2.73812831895059
-1.366907928	-1.44621415018153
-1.798017612	-1.69275689467584
-1.145297567	-1.02739238002074
-1.810153677	-1.96721683029581
-0.413415345	-0.664887631987798
-0.771165782	-0.994578157078635
-2.894193468	-2.68066916916665
-0.543527869	-0.74284174037476
-1.349911023	-1.27011105237169
-0.802263311	-0.93961350135264
-1.462491766	-1.53992589954872
-1.389354715	-1.16417637634766
-1.324743167	-1.35365428790501
-1.40114223	-1.30496262480272
-0.75576535	-0.879438742263667
-0.675449844	-0.584936529545924
-0.957026685	-1.08282790776505
-1.06480811	-1.06018290048155
-1.156224048	-1.07550929251491
-0.772270924	-0.76706361426106
-2.874348849	-3.23083783390297
-1.362441008	-1.25704420574757
-1.185114295	-1.32999905006421
-2.720660603	-2.79231328058963
-2.055475384	-1.92087371314923
-0.656816345	-0.625203223630129
-2.487420482	-2.70008017207908
-2.66937894	-2.86260141190986
-2.271039209	-2.32014408345094
-1.116020321	-1.22440721053357
-1.466618735	-1.65702756960603
-0.700156315	-0.647294315839066
-1.044100323	-1.14317434853398
-2.300077899	-2.39309506640404
-1.582717723	-1.64214035084938
-1.108385835	-1.06018290048155
-1.274280408	-1.24012063814013
-2.843899223	-2.685252126452
-2.252726492	-2.91071260865004
-1.303150666	-1.19040646696551
-1.396303696	-1.22714672036807
-1.045807623	-1.02530885858457
-0.508836557	-0.637317238699053
-0.848582222	-0.795531717018138
-1.343985866	-1.63910682687794
-3.315106032	-3.37704191215773
-2.505636415	-2.58293670984867
-1.222802336	-1.0697916882122
-2.086714273	-1.89899966365051
-2.42426942	-2.72735453730343
-1.109927432	-1.04785027774454
-2.767390139	-2.99423962551219
-1.533240388	-1.52106665877773
-0.884371501	-0.946120622554134
-2.738882078	-3.04300109361882
-2.666626116	-2.91684272477561
-1.722563509	-1.56794570450222
-2.495625808	-2.42849931098509
-0.68368801	-0.75815318821724
-0.65188934	-0.883671350214629
-1.791586824	-1.66440571731027
-1.63459191	-1.61974106040333
-2.025555194	-2.06347424505005
-2.313279271	-2.58887461972993
-3.365364199	-3.47802857278077
-2.744131963	-2.36392067863482
-1.322172035	-1.20598867158873
-1.306081179	-1.27596489125932
-2.061680265	-1.92393063881686
-0.884984213	-1.08416287266098
-2.626519487	-2.1881701512656
-3.226567041	-3.02962869937746
-1.688733326	-1.69451761178535
-0.79840873	-0.748543554156278
-2.996247626	-2.85463798421811
-2.05313208	-1.90033874479371
-0.961169123	-1.03850697686777
-2.153695572	-2.19762002069885
-1.258667759	-1.38075158086732
-0.895149502	-1.10111662183094
-3.117653385	-3.3297313094181
-0.802262406	-0.712678655719627
-0.594738485	-0.639260451585583
-2.313277459	-2.39098843938113
-1.954321332	-1.91893624011415
-1.854792553	-1.91741914926193
-2.770519813	-2.43113308211013
-0.90822432	-0.913500646600315
-1.236563177	-1.28939303773794
-2.487083872	-2.40616703806911
-2.950818352	-2.995994035113
-3.07320966	-3.3297313094181
-0.975706732	-1.01329820831131
-0.461788041	-0.397134820905372
-1.605608351	-1.61520066349659
-2.299344419	-1.95103209399233
-3.451282547	-3.25725949580331
-1.305915167	-1.28368663077784
-1.293701521	-1.17380092121976
-0.699239662	-0.748211477394711
-0.790061863	-0.734604788127631
-1.058338297	-1.04504881782651
-1.455846379	-1.35060949116828
-0.605422214	-0.664656183514686
-1.319898169	-1.25093257177355
-2.511552333	-2.44110982995451
-1.717086316	-1.55431248008507
-1.013276339	-1.09208458540451
-0.901360945	-1.0507911132038
-2.55204163	-3.2119414043693
-1.169290144	-1.26634056995759
-0.818713113	-0.862530867200136
-1.521914798	-1.66538603290014
-1.354576611	-1.35790842493246
-0.215715185	-0.180564029472432
-1.095155544	-1.14055675225283
-2.664954827	-2.4355535175582
-1.472352597	-1.59609939351252
-2.271357348	-2.33030773390442
-1.075603402	-0.975377950230094
-0.546689196	-0.685427023923045
-0.586120155	-0.647594031286099
-0.385418861	-0.33565496951379
-1.413459963	-1.31713803027126
-0.504777496	-0.691923853771276
-2.242776724	-2.46934784431203
-1.457650639	-1.53596816103966
-2.904114083	-2.83962858351733
-1.303825634	-1.21875741658887
-1.756131935	-1.88594419108745
-2.777185064	-2.9153988916709
-1.353942356	-1.36672784729983
-1.374227924	-1.61814117346768
-2.359659046	-2.31596003015505
-1.251413372	-1.29699742459661
-1.205866095	-1.20816034414428
-2.697893469	-2.84027750515837
-1.784976746	-1.61178622676866
-1.062646398	-1.14547110243148
-3.121188969	-3.30421344490133
-1.773188168	-1.69596240510454
-0.903313478	-1.18136365203407
-0.953834707	-1.08105872338842
-2.518778864	-2.35563922840813
-2.846781499	-2.685252126452
-2.433176382	-2.5029349410949
-1.436741042	-1.32109781455542
-3.167870523	-3.08942312918657
-1.850897085	-1.75321937779589
-0.647786419	-0.726402578702031
-1.690576502	-1.57561477582968
-1.28768524	-1.15505711985973
-0.570032244	-0.662179242113625
-1.659985461	-1.61752358121676
-1.569624681	-1.43438789043625
-0.625533988	-0.671541553395336
-1.954798263	-2.21990591582749
-2.900023709	-3.02304609677799
-2.328601907	-2.30579637970156
-0.874408002	-0.93361847426844
-2.675870225	-2.74357206855984
-0.914696084	-1.19710490318482
-0.746749247	-0.705840484497995
-0.426875294	-0.577342531348803
-0.93937765	-0.921933468353256
-1.057022036	-1.19829321773598
-1.958243039	-2.21990591582749
-3.236137336	-2.95541057444522
-1.738362355	-1.71629054874153
-1.050059573	-1.15045755508799
-1.226951282	-1.2652468150814
-1.449323505	-1.33377976121747
-1.341991977	-1.20381399491803
-1.765847419	-1.70119860294186
-0.936011587	-1.03640276993246
-1.564779079	-1.57824813772993
-1.217185245	-1.24025962127696
-1.069044165	-1.14686338426078
-3.074304515	-3.10232099140581
-1.600990569	-1.49631937218688
-1.700462128	-1.57311633023089
-1.644713078	-1.5024353240948
-1.017976655	-0.960595183437231
-1.873650017	-1.67136886722466
-0.695617309	-0.671003839162601
-0.744394459	-0.681375733531908
-0.912203696	-0.868425450847431
-3.408220764	-3.50977918229598
-1.194745028	-1.09149139754593
-1.183173909	-1.07470769909026
-0.645180089	-0.657672686898835
-2.299798167	-2.33552671193561
-2.98600943	-2.84205078124029
-0.918711715	-0.93030284338789
-1.880586987	-1.80010618813538
-2.683725077	-2.67124823827373
-0.362739977	-0.272930093578683
-0.631680777	-0.89133764047616
-1.83844354	-1.66604981420654
-1.560673768	-1.42881488507643
-2.293633815	-2.2329313492415
-1.182296831	-1.36680550615644
-1.062609786	-1.13766015395969
-3.48309571	-3.27933133908323
-0.75159792	-0.649984167849099
-2.867207304	-2.61041739848878
-2.991342319	-2.88120787001357
-0.870969897	-0.805503599850976
-2.791863697	-2.72413193149558
-1.386225268	-1.3990582965262
-0.503745769	-0.545251679449499
-0.866078695	-0.958450148063039
-0.54506768	-0.686818225609327
-3.420170781	-3.208071792724
-2.022953985	-1.92327241821144
-1.829711213	-1.76246557956533
-1.79724795	-1.63429920469133
-0.943597384	-0.750163192371773
-1.457764194	-1.32108208073513
-1.028857141	-0.939545135416497
-0.666494863	-0.68192443835227
-2.919818534	-2.71283150546961
-1.433974117	-1.26364538631658
-3.264329068	-2.81832849375011
-2.117464551	-1.98390625621753
-2.874298533	-2.48500196098543
-1.885555072	-1.8219802376341
-0.722471428	-0.953723210410607
-1.407777078	-1.42790922644989
-1.882996564	-1.74563584961452
-2.333018962	-1.90850544920441
-2.834531095	-2.76404412553243
-2.851316002	-2.96149488742499
-1.598332186	-1.63294480948886
-1.005868669	-0.898851160974422
-1.636449355	-2.19520802958306
-1.102117908	-0.984175690918732
-2.159480188	-2.01681244548618
-1.62165489	-1.69459525228826
-3.126862997	-3.35924298603096
-1.100414978	-1.08921083714907
-0.638456777	-0.683980485707318
-1.5905623	-1.43725659334245
-1.380921777	-1.23189477680137
-1.302522178	-1.52456717030981
-0.541763445	-0.63972810128325
-1.554474858	-1.5424192495264
-1.377936602	-1.38171635669142
-1.391335262	-1.27898490112744
-0.664974733	-0.792220158717625
-1.052927777	-0.968313437575554
-1.800269985	-1.90077861708056
-1.341371138	-1.28872087472788
-2.796748455	-2.84756293754276
-1.020611169	-1.19935496503387
-1.388882809	-1.27419997886389
-0.738016625	-0.694637694100397
-1.298485144	-1.56290336350123
-2.526556541	-2.5723547627586
-2.637670427	-2.5244409548316
-1.770103521	-1.81692191627242
-2.98057782	-2.81172498098474
-1.486911595	-1.36553037073268
-0.960321512	-1.16192114229655
-1.993531025	-1.8514114365481
-1.392304309	-1.46563876640596
-0.558790238	-0.47269474072494
-1.411330954	-1.20813132828593
-1.242028109	-1.1602277455884
-1.211383997	-1.07960088725975
-2.238932573	-2.05238878394378
-2.425499535	-2.19752881384629
-0.336788693	-0.21042645411696
-1.243634807	-1.17125338948808
-1.193383014	-1.13229491571338
-1.362954467	-1.39943588005026
-0.870357692	-0.808192031941425
-1.524819766	-1.38070695332023
-3.313222787	-3.39234084685226
-0.992769632	-1.10691658715838
-3.057769994	-2.85721778176908
-2.035778771	-1.99967209259569
-1.209058097	-1.42927568442711
-1.56890755	-1.68877817912124
-1.104445262	-1.12665204769097
-1.164009014	-1.22446838103658
-0.641644859	-0.620245811634332
-1.929828352	-2.40083026536245
-0.75826175	-0.801143442643057
-1.315806847	-1.27495728347553
-1.379081381	-1.30705381965941
-2.437666388	-2.37340411125287
-1.114985191	-0.99261739918475
-1.118871245	-1.06036188180431
-2.443462391	-2.33266059650731
-0.342056361	-0.250216078157967
-0.576425554	-0.653741783947705
-0.589663075	-0.843902097543658
-1.085504514	-1.04398001657023
-3.003348525	-3.02757590400637
-1.643841243	-1.7297749904059
-1.23578552	-1.00426398037552
-0.878585665	-0.984972110051265
-2.178416006	-2.16236772056519
-1.671691306	-1.63445486423478
-1.256452594	-1.11497960998227
-2.536704007	-2.50193811828288
-1.115798204	-1.02071737166694
-1.57537129	-1.64008485048464
-1.776965699	-1.79250542867394
-1.093534064	-1.01651437224098
-1.359257891	-1.17462410160057
-0.893890953	-0.870835085269817
-0.499246	-0.527728740579812
-3.031955688	-2.81262030164561
-0.945264068	-0.954476201379302
-2.011034343	-1.96051552661038
-1.17777258	-1.16357216486316
-2.192828987	-2.18843705421708
-0.995984098	-1.30788793219663
-0.750284003	-0.779962086909919
-0.625415879	-0.647594031286099
-0.417900155	-0.313403075226036
-0.859393394	-0.848158620124712
-2.334482422	-2.41220963871105
-0.662286213	-0.653105537630484
-1.372306454	-1.49571649240754
-2.369973203	-1.98649388795244
-2.093593429	-2.02224637142543
-2.392480405	-2.77444466162951
-0.843495156	-0.894615117994725
-2.431189298	-2.48639316819167
-1.544292798	-1.70163847522871
-1.092607199	-0.980331577949993
-0.769721808	-0.794824056809991
-1.787095292	-1.62284266606398
-1.362229626	-1.23773928110394
-0.679422911	-0.534163510997355
-2.64417722	-2.85714137473208
-2.978550413	-3.05236210844968
-1.657150077	-1.55290165549669
-1.786256089	-1.6173155929842
-0.917281667	-0.942816052660146
-0.803059238	-0.810667933255896
-2.672061872	-2.46861199545684
-0.747297728	-0.774039509115236
-1.318239368	-1.56290336350123
-2.81527075	-2.72399389918777
-1.203488168	-1.39682301689241
-1.723074157	-1.68007048165156
-2.727696898	-2.50495412052934
-1.784308552	-1.79209024247782
-2.286476525	-2.17905075946251
-2.093367445	-1.95038538976209
-1.621589683	-1.57854125043527
-1.302749002	-1.36482876958179
-1.157101793	-0.986831022379007
-1.208069841	-1.06094692841823
-0.993926877	-0.975350750878891
-1.371513875	-1.28831001829937
-1.567387689	-1.67922915460008
-2.132147061	-2.15604073420262
-3.102989764	-2.83655665477934
-1.048685163	-1.0983809781054
-2.964397104	-3.23349502335022
-0.657641137	-0.690953286673906
-0.722457508	-0.784320499438176
-0.989416582	-0.923612840093108
-1.358218779	-1.23057650132386
-1.302654364	-1.39773522930152
-2.251284429	-2.19420710161547
-1.156255428	-1.06528290083253
-1.353228541	-1.22765196382167
-0.878706412	-1.06936601231574
-1.258732683	-1.21170280841876
-1.309575833	-1.31012841432031
-1.924024933	-1.94885674568215
-1.79359658	-1.71758856847044
-1.143131675	-1.10043133233047
-1.560011929	-1.74455040274551
-1.16160486	-1.26626788832597
-1.442633257	-1.39742589667175
-0.971184915	-0.838746953311803
-1.408547484	-1.5188078256657
-1.716843203	-1.55961880413997
-1.53331113	-1.57524234941509
-2.162357892	-2.24406114005037
-0.986414997	-1.01906693017022
-3.015628923	-2.85971042597169
-1.582021608	-1.60230512742673
-0.956430253	-0.951660306329551
-0.737458221	-0.786689849852297
-0.731584961	-0.711148064613505
-3.000912469	-2.87696731260751
-2.105277536	-2.23141425838929
-0.613178005	-0.59345261411492
-0.987049043	-0.954476201379302
-0.933369272	-0.902250585665129
-0.61467048	-0.770167763533618
-1.404194719	-1.32108208073513
-1.314463214	-1.46367969784628
-0.411843094	-0.449642282557647
-1.228818006	-1.22455030967286
-0.935956075	-1.23637909156026
-1.664144341	-1.83713303047268
-1.922943905	-1.85855324617307
-1.571739181	-1.50338263605325
-2.009065183	-2.02189495855382
-0.979263615	-1.09208458540451
-0.660385382	-0.698974144130642
-1.863603596	-1.87489250447401
-1.191725601	-1.1586558574503
-1.418357404	-1.35060949116828
-2.800133547	-2.87264297138153
-0.751062816	-0.798299150834899
-1.043577212	-1.03420233836474
-1.582848209	-1.71802844075729
-1.869444483	-1.58679361573921
-0.753567256	-0.748543554156278
-2.022130625	-2.20844232861893
-2.979623417	-2.82604784186792
-2.738710555	-2.6604204526574
-0.938915534	-0.932310378952088
-1.51987169	-1.47672130031455
-1.118847387	-1.33527256707539
-1.593799541	-1.5653183200742
-0.142466263	0.0887089020505664
-2.615656225	-2.44432919712659
-2.118443114	-1.93075027316572
-1.822981741	-1.81891360639297
-1.234096057	-1.2652468150814
-1.329519819	-1.44834018303542
-2.326872285	-2.52545081797556
-1.35793489	-1.23003947193023
-2.170896987	-1.93572625149124
-2.087949165	-1.94002708394754
-0.609302445	-0.748543554815137
-1.827374413	-1.7699935947597
-1.449784571	-1.43658099916349
-1.468718671	-1.45365096766166
-1.842815867	-1.70168339990527
-0.698664116	-0.782416721625009
-1.831834227	-1.66820731286346
-0.623613979	-0.795035039853668
-1.42289333	-1.42190035814645
-1.812760717	-1.60227611156839
-1.10036589	-1.14686338426078
-0.462192877	-0.471625667713746
-0.934797214	-1.05261668592574
-2.063414096	-1.93355565981128
-1.427265941	-1.65427254498179
-2.11182799	-2.21155975767099
-1.085402788	-1.03251194978357
-0.976636577	-1.19367175181175
-2.704634923	-2.92415262126286
-1.385907178	-1.51205132891986
-3.439590488	-3.28985589725
-0.760427482	-0.784320499438176
-0.377615051	-0.583030962837138
-0.871196803	-0.82810968959969
-1.189221808	-1.08954673945231
-0.67147341	-0.563228411178518
-0.908873866	-0.922188721052642
-2.132620395	-2.12542003562043
-2.810762587	-2.84129107204333
-2.870227909	-2.75824789921695
-2.461321284	-2.51467997467183
-0.892695304	-1.04866508034991
-1.563367288	-1.46372224509692
-3.258323679	-2.99606270310652
-0.948373484	-1.13562380329563
-1.813110726	-1.70072897053104
-0.945636276	-0.865295993628039
-0.541432743	-0.545251679449499
-0.9004389	-0.978767528782735
-3.016139817	-3.08148963135704
-1.523583777	-1.5062329769274
-2.841058799	-2.96248901599698
-2.364160166	-2.6500046513064
-0.983763628	-0.890811972894411
-0.848719394	-0.758757399701737
-1.944677303	-2.06356301658513
-1.142956195	-1.12342165950124
-3.184131582	-3.43187043103771
-1.518690876	-1.38694829709305
-1.036120878	-1.03313439627682
-1.152535691	-1.02736554178205
-2.115368449	-1.95262432266444
-2.532206136	-2.37805731782242
-2.056422331	-2.00541664147462
-1.677953933	-1.68007048165156
-2.202536819	-2.14020950278582
-1.415911432	-1.42099029072928
-2.450526264	-2.33233315369357
-3.018499392	-2.82604784186792
-0.828163757	-1.06206621314148
-0.878792442	-1.07900267603337
-2.707299979	-2.73303266809343
-3.062863627	-3.19206099977163
-1.458961293	-1.4079410391775
-2.647099346	-2.84844210220069
-2.764124209	-2.82539224771167
-0.613320295	-0.613785180204495
-0.57563796	-0.692114059907379
-0.798829835	-0.701232977242671
-1.191665362	-1.38218556010103
-1.586852166	-1.69459525228826
-2.058993037	-2.33183942266954
-0.671379588	-0.715189724525121
-2.817173026	-3.0946438454641
-1.132676922	-1.07841693538768
-1.528519743	-1.66643922715105
-0.856886026	-0.844733865199754
-0.773702389	-0.862530867200136
-1.573006403	-1.68524612121831
-1.080418698	-1.08912107133207
-1.307488947	-1.18186039907214
-1.046140883	-1.05737046181686
-1.425396675	-1.40369285995599
-1.302477891	-1.29817080004609
-0.941608368	-0.929007588862744
-0.92909024	-1.01051813829794
-0.801132496	-0.919674635241226
-1.721965598	-1.73824298524449
-0.918785121	-0.805503599850976
-1.295433745	-1.44064715681833
-0.312189547	-0.306426065892056
-1.775480777	-1.67621512177261
-1.400377982	-1.38540489742022
-3.008722766	-2.86832426254199
-1.078425574	-1.06603979593132
-1.11851706	-0.952500615312836
-0.799188095	-0.694855272315664
-1.345464021	-1.24184744529936
-1.654530074	-1.50962190740134
-2.00196977	-1.96493326984602
-1.375112644	-1.25561721758639
-1.496568218	-1.47853491566995
-1.604103408	-1.53794457102646
-2.5495238	-2.46831928537108
-1.868134583	-1.6207510069197
-1.639508643	-1.56682521691185
-0.8008152	-0.947401819498454
-0.90880011	-0.922864243747965
-1.451888871	-1.49573744714286
-0.939945529	-1.0710800008364
-0.278260427	-0.266508870455808
-0.367485963	-0.371431914795688
-2.194496731	-2.16236772056519
-2.16768644	-2.69713777095182
